Unused Field, Sequence, Barcode, Quantity, Dept/Cat, User, Price, Area,
,,9781250817556,1,010101,000,,
,,9781368048088,1,010101,000,,
,,9781770462892,1,010101,000,,
,,9781250767080,1,010101,000,,
,,9781250817556,1,010101,000,,
,,9781250262066,1,010101,000,,
,,9781250811189,1,010101,000,,
,,9781250817556,1,010101,000,,
,,9781250817556,1,010101,000,,
,,9780593598344,1,010101,000,,
,,9780593598344,1,010101,000,,
,,9780358439172,1,010101,000,,
,,9780062952127,1,010101,000,,
,,9780778386223,1,010101,000,,
,,9781571988966,1,010101,000,,
,,9781250806208,1,010101,000,,
,,9781250806208,1,010101,000,,
,,9781250806208,1,010101,000,,
,,9781250806208,1,010101,000,,
,,9781250806208,1,010101,000,,
,,9781250806208,1,010101,000,,
,,9781534478848,5,010101,000,,
,,9781250815293,15,010101,000,,
,,9780593237465,24,010101,000,,
,,9781451648706,1,010101,000,,
,,9781451648706,1,010101,000,,
,,9781451648706,1,010101,000,,
,,9781451648706,1,010101,000,,
,,9781118340356,1,010101,000,,
,,9781538716571,1,010101,000,,
,,9780778311447,1,010101,000,,
,,9780063035881,1,010101,000,,
,,9781250848130,1,010101,000,,
,,9781250849038,1,010101,000,,
,,9780761152507,1,010101,000,,
,,9780735355200,1,010101,000,,
,,9780735355200,1,010101,000,,
,,739048102956,1,010101,000,,
,,739048102956,1,010101,000,,
,,739048102956,1,010101,000,,
,,739048102956,1,010101,000,,
,,739048102956,1,010101,000,,
,,739048102956,1,010101,000,,
,,9781250807342,1,010101,000,,
,,9781250262110,1,010101,000,,
,,9780374103170,1,010101,000,,
,,9781250175656,1,010101,000,,
,,9781250820129,1,010101,000,,
,,9781250820129,1,010101,000,,
,,9781250820129,1,010101,000,,
,,9781250820129,1,010101,000,,
,,9781250820129,1,010101,000,,
,,9781250820129,1,010101,000,,
,,679952501455,1,010101,000,,
,,679952501455,1,010101,000,,
,,679952501455,1,010101,000,,
,,679952501455,1,010101,000,,
,,679952501455,1,010101,000,,
,,679952501455,1,010101,000,,
,,9780765389916,1,010101,000,,
,,9781593593896,1,010101,000,,
,,9781439772171,1,010101,000,,
,,648103072175,1,010101,000,,
,,648103072175,1,010101,000,,
,,9781439780930,1,010101,000,,
,,9781441333858,1,010101,000,,
,,9781441333858,1,010101,000,,
,,9781441333858,1,010101,000,,
,,9781441319067,1,010101,000,,
,,9781439781630,1,010101,000,,
,,2050000000713,1,010101,000,,
,,2050000000713,1,010101,000,,
,,2050000000713,1,010101,000,,
,,2050000000713,1,010101,000,,
,,9780877795957,1,010101,000,,
,,714043011960,1,010101,000,,
,,714043011960,1,010101,000,,
,,714043011960,1,010101,000,,
,,9780063280717,5,010101,000,,
,,9780762475964,1,010101,000,,
,,9780762478743,1,010101,000,,
,,9780762481347,1,010101,000,,
,,9780762494880,1,010101,000,,
,,9780762481279,1,010101,000,,
,,9781613163498,1,010101,000,,
,,9780749027452,58,010101,000,,
